     31327     31333     31337     31357     31379     31387     31391     31393
    313373    313381    313387    313399    313409    313471    313477    313507
    331259    331277    331283    331301    331307    331319    331333    331337
    531337    531343    531347    531353    531359    531383    531457    531481
   1231309   1231313   1231319   1231337   1231339   1231357   1231379   1231381
   1313359   1313363   1313371   1313383   1313423   1313443   1313447   1313449
   1431317   1431323   1431337   1431347   1431361   1431373   1431377   1431379
   1531279   1531297   1531303   1531331   1531333   1531337   1531357   1531367
   2313239   2313247   2313253   2313323   2313347   2313349   2313373   2313379
   2331187   2331191   2331253   2331271   2331283   2331299   2331323   2331337
   2631337   2631347   2631401   2631427   2631437   2631449   2631457   2631467
   3031267   3031271   3031291   3031319   3031333   3031337   3031351   3031381
   3133609   3133633   3133639   3133643   3133673   3133699   3133721   3133733
   3133751   3133777   3133783   3133787   3133799   3133811   3133843   3133847
   5313361   5313377   5313379   5313403   5313433   5313443   5313449   5313457
   5431277   5431291   5431297   5431303   5431331   5431337   5431339   5431369
   5931301   5931307   5931311   5931313   5931319   5931337   5931349   5931371
   6313253   6313267   6313291   6313309   6313327   6313337   6313361   6313379
   6331321   6331333   6331337   6331379   6331399   6331411   6331439   6331447
   7131323   7131329   7131337   7131349   7131353   7131359   7131373   7131379
   7731193   7731203   7731239   7731259   7731281   7731299   7731337   7731401
   7831301   7831303   7831319   7831337   7831357   7831379   7831381   7831387
   8031181   8031187   8031227   8031253   8031269   8031299   8031323   8031337
   8131241   8131271   8131309   8131327   8131337   8131349   8131363   8131369
   8313359   8313377   8313413   8313433   8313443   8313449   8313457   8313463
   9831193   9831223   9831259   9831271   9831277   9831323   9831329   9831337
  10231241  10231261  10231283  10231301  10231303  10231337  10231339  10231349
  10731251  10731263  10731269  10731283  10731293  10731311  10731313  10731337
  11313371  11313377  11313383  11313391  11313403  11313409  11313457  11313473
  11631239  11631251  11631271  11631289  11631311  11631313  11631317  11631337
  12031289  12031297  12031301  12031307  12031319  12031337  12031343  12031373
  12331301  12331303  12331309  12331337  12331369  12331387  12331391  12331441
  12631279  12631303  12631337  12631351  12631361  12631373  12631387  12631417
  12831317  12831331  12831337  12831347  12831359  12831361  12831383  12831391
  13133669  13133683  13133689  13133711  13133719  13133773  13133803  13133867
  13731323  13731331  13731337  13731343  13731353  13731401  13731407  13731409
  14031191  14031209  14031211  14031217  14031299  14031317  14031319  14031337
  14313331  14313353  14313359  14313361  14313379  14313389  14313419  14313437
  14331299  14331313  14331319  14331329  14331337  14331349  14331353  14331371
  14731261  14731273  14731309  14731319  14731331  14731337  14731349  14731397
